320164.4319 4157223.484
320164.4217 4157223.012
320164.4818 4157222.523
320164.4801 4157222.034
320164.5579 4157221.546
320164.5827 4157221.06
320164.5986 4157220.568
320164.641 4157220.075
320164.6302 4157219.577
320164.6637 4157219.084
320164.653 4157218.59
320164.6954 4157218.099
320164.729 4157217.61
320164.7359 4157217.115
320164.7694 4157216.619
320164.7941 4157216.127
320164.8543 4157215.641
320164.8612 4157215.144
320164.9035 4157214.649
320164.9193 4157214.154
320164.9528 4157213.66
320164.951 4157213.169
320164.9492 4157212.679
320164.9916 4157212.185
320164.972 4157211.691
320165.0232 4157211.197
320165.0303 4157210.707
320165.0195 4157210.21
320165.0707 4157209.717
320165.0423 4157209.223
320165.1025 4157208.735
320165.1006 4157208.243
320165.1432 4157207.761
320165.159 4157207.265
320165.1571 4157206.769
320165.1996 4157206.28
320165.1712 4157205.787
320165.187 4157205.292
320165.1851 4157204.798
320165.201 4157204.305
320165.2433 4157203.81
320165.2325 4157203.313
320165.2837 4157202.82
320165.2819 4157202.327
320165.3155 4157201.836
320165.3312 4157201.339
320165.3117 4157200.846
320165.3718 4157200.356
320165.3524 4157199.868
320165.4125 4157199.377
320165.4105 4157198.88
320165.4175 4157198.387
320165.4244 4157197.889
320165.4138 4157197.398
320165.4917 4157196.913
320165.5074 4157196.416
320165.5321 4157195.921
320165.5391 4157195.428
320165.5283 4157194.929
320165.5263 4157194.432
320165.5332 4157193.935
320165.549 4157193.438
320165.5914 4157192.944
320165.6071 4157192.448
320165.6495 4157191.956
320165.6477 4157191.463
320165.6635 4157190.969
320165.6793 4157190.476
320165.6774 4157189.979
320165.7197 4157189.486
320165.709 4157188.99
320165.7691 4157188.499
320165.7937 4157188.002
320165.8007 4157187.508
320165.8519 4157187.015
320165.8412 4157186.523
320165.8747 4157186.03
320165.8994 4157185.536
320165.9154 4157185.05
320165.94 4157184.555
320165.9204 4157184.059
320165.9805 4157183.568
320165.9963 4157183.074
320166.0123 4157182.588
320166.0458 4157182.093
320166.0174 4157181.597
320166.0597 4157181.104
320166.0401 4157180.608
320166.0559 4157180.113
320166.1072 4157179.621
320166.07 4157179.128
320166.0947 4157178.638
320166.1373 4157178.154
320166.1619 4157177.66
320166.2043 4157177.167
320166.2556 4157176.679
320166.3069 4157176.192
320166.3407 4157175.711
320166.3832 4157175.225
320166.3814 4157174.733
320166.353 4157174.236
320166.3954 4157173.748
320166.5358 4157173.29
320166.7211 4157172.871
320166.9694 4157172.499
320167.2631 4157172.181
320167.6029 4157171.955
320167.9706 4157171.79
320168.3198 4157171.585
320168.6973 4157171.469
320169.0842 4157171.373
320169.4719 4157171.316
320169.8592 4157171.242
320170.2272 4157171.09
320170.6141 4157170.999
320171.0023 4157170.965
320171.3895 4157170.885
320171.7865 4157170.848
320172.1843 4157170.847
320172.5437 4157170.711
320172.9326 4157170.709
320173.3225 4157170.754
320173.7209 4157170.78
320174.1106 4157170.818
320174.5093 4157170.859
320174.9001 4157170.946
320175.2881 4157170.9
320175.6787 4157170.978
320176.0686 4157171.022
320176.4665 4157171.03
320176.8562 4157171.065
320177.2549 4157171.108
320177.6444 4157171.132
320178.0428 4157171.162
320178.4416 4157171.209
320178.83 4157171.187
320179.2286 4157171.223
320179.6268 4157171.245
320180.0244 4157171.236
320180.4128 4157171.213
320180.8101 4157171.187
320181.197 4157171.094
320181.5851 4157171.058
320181.9818 4157171.009
320182.3786 4157170.962
320182.7566 4157170.866
320183.1426 4157170.729
320183.5105 4157170.573
320183.8694 4157170.414
320184.218 4157170.185
320184.4843 4157169.826
320184.6803 4157169.491
320184.8936 4157169.132
320184.9832 4157168.781
